three_single_p1_passed = [0.56, 0.56, 0.4666666666666667, 0.54, 0.57, 0.4266666666666667, 0.234]

three_single_p2_passed = [0.56, 0.64, 0.52, 0.59, 0.62, 0.59, 0.358]

three_single_p1_delays = [6.957142857142856, 7.457142857142857, 8.237142857142857, 7.850000000000001, 8.18245614035088, 8.464062499999999, 8.078632478632484]

three_single_p2_delays = [6.957142857142856, 7.721875, 8.351282051282052, 7.90677966101695, 8.1241935483871, 8.683615819209036, 8.481564245810056]

three_single_p1_costs = [28.571428571428573, 32.857142857142854, 37.57142857142857, 34.629629629629626, 36.49122807017544, 38.828125, 36.36752136752137]

three_single_p2_costs = [28.571428571428573, 34.0625, 38.07692307692308, 35.0, 35.88709677419355, 40.02824858757062, 39.46927374301676]

----------------------------------------------------------------------

three_multi_p1_passed = [0.56, 0.46, 0.44, 0.5, 0.37, 0.3, 0.166]

three_multi_p2_passed = [0.56, 0.56, 0.49333333333333335, 0.57, 0.59, 0.57, 0.358]

three_multi_p1_delays = [11.435714285714285, 11.056521739130435, 11.745454545454546, 11.656, 11.505405405405405, 11.82666666666667, 11.666265060240967]

three_multi_p2_delays = [11.435714285714285, 11.271428571428572, 12.005405405405407, 12.010526315789473, 12.747457627118644, 13.000584795321636, 12.669832402234634]

three_multi_p1_costs = [42.142857142857146, 42.82608695652174, 44.696969696969695, 45.0, 46.351351351351354, 46.44444444444444, 46.08433734939759]

three_multi_p2_costs = [42.142857142857146, 43.57142857142857, 45.54054054054054, 46.05263157894737, 49.74576271186441, 53.71345029239766, 53.547486033519554]