one_single_p1_passed = [64, 62, 64, 52, 59, 41, 22.8]
one_single_p2_passed = [64, 66, 68, 55, 63, 58, 35.6]

one_single_p1_delays = [7.706250000000001, 7.9064516129032265, 8.281249999999998, 7.807692307692306, 8.222881355932197, 8.1432, 8.22017543859649]
one_single_p2_delays = [7.706250000000001, 7.978787878787879, 8.35686274509804, 7.827272727272725, 8.284126984126978, 8.353142857142858, 8.473033707865172]

one_single_p1_costs = [35.625, 34.354838709677416, 37.291666666666664, 33.84615384615385, 36.52542372881356, 36.52, 35.43859649122807]
one_single_p2_costs = [35.625, 35.0, 37.35294117647059, 34.45454545454545, 36.74603174603175, 37.97142857142857, 38.37078651685393]

----------------------------------------------------------

one_multi_p1_passed = [64, 56, 54.6, 47, 39.5, 26.6, 14.6]
one_multi_p2_passed = [64, 64, 68, 53, 61, 54.3, 38]

one_multi_p1_delays = [11.2, 12.028571428571428, 11.995121951219511, 11.657446808510635, 11.911392405063285, 11.591250000000004, 12.161643835616442]
one_multi_p2_delays = [11.2, 12.393750000000002, 12.866666666666665, 11.715094339622636, 12.920491803278688, 12.658895705521475, 12.631578947368421]

one_multi_p1_costs = [43.75, 45.714285714285715, 47.926829268292686, 44.148936170212764, 46.265822784810126, 45.875, 46.64383561643836]
one_multi_p2_costs = [43.75, 46.875, 49.705882352941174, 44.81132075471698, 49.83606557377049, 52.11656441717791, 52.8421052631579]