four_single_p1_passed = [44, 52, 57.3, 50, 55.5, 38.6, 22]
four_single_p2_passed = [48, 54, 58.6, 55, 62, 56, 35.4]

four_single_p1_delays = [7.2727272727272725, 8.288461538461538, 7.765116279069765, 8.559999999999997, 8.490990990990992, 8.560344827586205, 8.388181818181815]
four_single_p2_delays = [7.508333333333333, 8.407407407407407, 7.754545454545454, 8.625454545454543, 8.477419354838712, 8.44702380952381, 8.491525423728817]

four_single_p1_costs = [33.18181818181818, 35.0, 33.83720930232558, 38.2, 37.16216216216216, 38.62068965517241, 37.18181818181818]
four_single_p2_costs = [34.166666666666664, 35.370370370370374, 33.86363636363637, 38.45454545454545, 36.854838709677416, 37.976190476190474, 38.728813559322035]

----------------------------------------------------------------------

four_multi_p1_passed = [44, 42, 49.333333333333335, 42, 33, 24.666666666666667, 14.6]
four_multi_p2_passed = [48, 54, 57.33333333333334, 51, 59.5, 50.0, 36.2]

four_multi_p1_delays = [10.754545454545456, 12.400000000000002, 11.448648648648648, 12.383333333333331, 12.293939393939393, 11.65675675675676, 12.567123287671235]
four_multi_p2_delays = [10.950000000000001, 13.744444444444445, 11.92558139534884, 12.98235294117647, 13.58235294117647, 13.082666666666666, 12.947513812154696]

four_multi_p1_costs = [43.18181818181818, 46.42857142857143, 44.189189189189186, 47.857142857142854, 48.03030303030303, 46.486486486486484, 49.38356164383562]
four_multi_p2_costs = [43.333333333333336, 50.925925925925924, 45.46511627906977, 49.509803921568626, 52.3109243697479, 53.0, 54.06077348066298]