two_single_p1_passed = [60, 52, 58.6, 55, 57, 39.3, 22.8]
two_single_p2_passed = [68, 58, 60, 61, 65, 59, 34]

two_single_p1_delays = [7.393333333333333, 7.5307692307692315, 8.174999999999997, 7.8036363636363655, 8.016666666666666, 8.345762711864406, 8.667543859649127]
two_single_p2_delays = [7.405882352941176, 7.765517241379312, 8.211111111111109, 7.9590163934426235, 8.050769230769228, 8.39491525423729, 8.70529411764706]

two_single_p1_costs = [32.333333333333336, 33.07692307692308, 35.68181818181818, 31.90909090909091, 35.87719298245614, 35.932203389830505, 39.29824561403509]
two_single_p2_costs = [33.23529411764706, 33.96551724137931, 35.888888888888886, 33.19672131147541, 36.23076923076923, 37.655367231638415, 39.76470588235294]

----------------------------------------------------------------------

two_multi_p1_passed = [48, 54, 49.3, 48, 40, 24.3, 13.2]
two_multi_p2_passed = [68, 58, 58.6, 61, 63, 55, 36.4]

two_multi_p1_delays = [10.558333333333334, 11.67777777777778, 11.932432432432432, 12.639583333333336, 11.9675, 11.450684931506853, 12.072727272727272]
two_multi_p2_delays = [11.200000000000001, 11.931034482758623, 12.588636363636363, 13.022950819672133, 12.284126984126988, 13.144848484848492, 13.207692307692307]

two_multi_p1_costs = [40.833333333333336, 44.25925925925926, 45.54054054054054, 46.458333333333336, 47.0, 44.45205479452055, 48.333333333333336]
two_multi_p2_costs = [42.64705882352941, 45.0, 47.04545454545455, 48.278688524590166, 47.698412698412696, 53.18181818181818, 55.934065934065934]
