five_single_p1_passed = [56, 64, 56, 58, 58.5, 37.66, 26.6]
five_single_p2_passed = [64, 70, 65.33, 67, 63.5, 55.33, 34.8]

five_single_p1_delays = [7.8928571428571415, 7.46875, 7.242857142857141, 8.04655172413793, 8.514529914529916, 8.60442477876106, 8.587969924812032]
five_single_p2_delays = [8.2625, 7.560000000000002, 7.597959183673469, 8.141791044776118, 8.278740157480316, 8.799397590361448, 8.87413793103449]

five_single_p1_costs = [33.57142857142857, 30.3125, 32.142857142857146, 34.48275862068966, 37.82051282051282, 39.07079646017699, 39.3609022556391]
five_single_p2_costs = [35.0, 31.285714285714285, 33.775510204081634, 35.298507462686565, 35.78740157480315, 40.18072289156626, 40.86206896551724]

----------------------------------------------------------

five_multi_p1_passed = [48, 54, 52, 51, 35.5, 24.33, 16.4]
five_multi_p2_passed = [60, 70, 64, 66, 61, 54.33, 36.2]

five_multi_p1_delays = [12.31, 11.84, 10.85, 11.88, 12.20, 12.43, 11.81]
five_multi_p2_delays = [12.86, 12.50, 11.59, 12.55, 13.53, 13.77, 13.45]

five_multi_p1_costs = [45, 44.25, 41.92, 45.19, 46.83, 49.79, 46.58]
five_multi_p2_costs = [47, 47, 44.16, 47.12, 53.11, 57.02, 56.54]